
[ 39  23  52  33  20   6  20  54  54  22  10  35  34  30  55  48  35  39
   9  35 106 110  93 108  84  85 102  68 114  73  94  85 108  70 110  70
  96  83 105 119][ 38  55  28  53   4   6  11   6  42   2  21  35  30  43  55   2  35  24
   9  35 105  60  94 103  72  79 102 113  78  96  70  64 108  98 110  70
  86  83 105  92][ 51  46  52  31  23   6  57  54  22   2  26  35  40  14  46  17   4  24
   9  35  98 107  61 108  77  72 102 113  83  73  96  79 108  98 110 102
 118 111  73 119][ 38   4   4   4   9  54   4  13  41  23   4  35   4   4   4  48  45  39
   9  35  98  68  96 108  71  79  98 113  78  66  61  85 108  70  73 106
  66 107  96  73][ 39   9  57   1  23  11   6  10  48  26   1  35   9  30   9  55  12  24
  35  35  99  64  81 108  68  95 102  77  78  84 117 106 100 117  68  73
  84 108 105  84] [  8  21   6   6  16  57   4  35  23  46  21  35   6  21  41   2  45  24
   9  35 106  60  96 104  64  78 117  77  85  73  96  85 108 117  84 106
 106  60 105  81][  8  41   6  33  17  48  54  43   5  43  52  42  57  19  33   5   9  24
  17  12 111  68  75 116  64  78  98 108  64 108 105 114 108 117  84 106
 105  94 117  73] [  7  19  52  25  31   1  57  10  26  26  21  42  52  19  19  34  12  38
  12  35  76  68 117  61 116  72  70  61 114 117  61 116 108  70  86 106
  66 111 106  66][ 40  14  21  33  10  26   6  42  10  10  52   1  52  14  19  59  35  38
  35  35  90  68  61 106 107  97 103  84  64  66  66 116  84 105 104 102
  84 106 106  84][ 22  27  52  42  26  27   7  45  27  34  48  41   1  54  41  49  35  26
  13  35 102 107  81  81 107  95 102  81  78 101  61  75 108  75  66  75
  66 111  73  73][ 17  19  52   0  41   6  26  38  42  17  11  13  40   0  26  42  13  44
   9  35  79  77 102 108  77  93 103  66 118  73  96  64 108  66  84  60
  75  79  73  73][ 51  19  25  19  39   6  39  54  17  17  21  35   1  43  23  17  35  45
  45  35  70  68  61  61  95  95  94  66  83  98  70  90 108 105  66 114
  66 114  98  66] [ 38  46  52  19  38   6  55  12  54   3  10  35  34  43   1   3  35  39
   9  35  74  66 104 104 115  85  70 113 107 101  96  68 100  98 110  70
 113 111 105 101][ 51  23  52  31   4   6  57  54  54  21  10  35  26  11  55   3  35  29
   9  35 106  66  76 107  84  85 102 113  83 101  94  64 108  98  77  61
 113  83 105 101] [ 51  59  52  49   4  41   4  35  54  23  10  35  34  56   2   3  35  29
   9  35 106  66 102 111  84  85 102 113  83  71  96  79 100  98 113  63
 108  83 105 101][ 14  17  53  49  20  35  35  13  41  16  10  12  17  27  17  37   9  38
  58  35 106 111  66 110  79  95 106  77  72 101  71 115 100  61  77 106
 100  83  96 101] [ 14  26  52  49   6  57  57  13  38  18  43  41  26   5   8  26  35  38
   2  35  66  66 107 104  68  86  62  88  64  94  96  84 100 102  89  66
  77 107  88  71][ 44  31  52  49  58  35  55  13  55  16  10  41  31  52   4  26   9   1
   4  35 106  79  67 110  82  60  79  88  79  94  96 118 100  61  89 106
  89 107 119 101][ 42  16  52   5  22  20  57  57  57  30  27  57  16  56  20  16  12  12
   4  35 117 111  76  64 110  83 117 100  82 101 105  83 100  82  89  82
 100 107  88  71][ 39  30  52  30  42   1  35   9  57  16  10   9  47  56  20  16  12  39
  45  35  63 107  64  62 110  69 117  77  79 101 105  83 100  80  88  63
  88 107 113 101][ 22  30  52  49  22   1   4  13  35  16  28  12  36  27  20  16  12  57
  50  35  93  83  76  82  68  74  80 100 110  71 105 107 100  70  96  83
 108 107 113  71][ 39  30  52  49  42  51  29  13  50  30  56   9  17  56  51  17  12   4
  12  35  75 111  62 104  82 115  70  77  64  71  96  64 108  70  88  74
  77 107 105  71] [ 39  30  52  49  22  13  57  42   4  49  56  54  17  56   1  26  12  29
  12  35 116 107 104 111  79  85  67 113 107  71  94  79 108 102 113  67
 113 107 105  71][ 39  30  27   5   4  58  29  54   4  49  56  12  17  56   1  17  12   4
  12  35 116 107  62 102  82 103  93  88 102  71  96  79  89  70  88  74
  88  64 105  71][ 22  59  52  19   6  22  54   4   4  23  10   4  59  56  46  17  45  39
  45  35  75  66 104 117  84  86  93 113  79 101  94  72 108  98  96  93
  73 107  88 101] [ 50  21  52  25   6   4   6   4   4  23  10   4  16  56   2   3  45  39
   9  35 112 118 104  72  84  91  60 113  63 101  94  91 108  98  96  82
 100  83  73 101] [ 35  21  52  49   4  22  57   4   4  23  10   9  34  28  58   3  35  29
  45  35  75 107  61  68  84  83  61 113 107 101  94  86 108  98  96  74
 113 107  73 101][ 41  47  27  19  12  50  29  12  29  36  10  12  47  48  20  47  45  39
  45  35 106  85 107 110  84  85  82 113  67 101  94  95  84 107 113  99
 113 107  73 101] [ 51  33  27   0  38  29  29  12   4  23  27  12  33  48  35  44  45  39
   9  35  93  83  80  84  84  85 104 113  67 105  94 115 108 107 113  61
 113 111  73  71][ 20  47  52  19  57  55  29   4  29  47  52  12   3  56  35   3  35  39
  45  35  93  85 116  84  84  67  81 113 115 101  94  68 108  60  94  65
 113 107  73 101] [ 35  23  27   0  39  55  39  38  39  16  10  29  17  56  51  16  45  39
   9  35  75  95  83  79  84  62  82 113 102 101  94  62 108  83  94  99
 113  80  73 101][  4  31  27   5  13  22  39   6  57   3  27  39  34  28  58  31  45  29
   9  35  75  80  61  64  84  60  99 113 109 101  94 111 108  83 113  99
 113 107  73 101][ 35  40  52   5  38   4  39  38  38  21  10  38  17  53   2   3  45  29
   9  35 112  90 104  84  84  85 103 113 109 101  94 118 108  83  77  65
 113 107  89 101][ 55   3  27  19   6  55  57  55  50  23  10  55  21  56  51   3  35  29
   9  35 106  90  76 102  84 111  93 113  91 101  94  90 108  98  96 116
 113  83  73 101][ 29  23  27   0   6  55  55  55  57  23  10  35  16  56  41   3  35  39
   9  35 112  76  61 102  84  76  93 113 102 101  73  76 108  61  96  74
  73  76  73 101][ 35  23  27  19   6  55  57   1  57  23  10  35  40  28  58   3  35  39
   9  35  92  76  61  70  84  83  82 113  70 101  94  98 108  90  96  75
  94 111  73 101] [ 22  23  52  19   6   6   4  54   4  23  10  13  16  56  58  36  45  39
  12  35 112 107 104 117  84  85  81 113  72 101  94  85 108  98  73 116
 113 111  73 10][ 13  23  27  19  38  13  54  55  50  23  10   9  17  56  42  59   9  29
  12  35 114  79  76 110  84  69 116 113 109 101  94  69 108 111  77 116
 119  83 105 101][ 38  59  52  19   6  22   4   9   4  23  10   9  26  56   2   3  45  39
  12  35  75 109 104 110  84  85  61 113 109 101  96  85 108  98  73  60
 113 107  73 101][ 12  17  27  19  55  32   4  38  55  23  10   6  15  56  35  16   9  29
  45  35  74 107 104  84 119  83  87 113  68 101  94 111 113  61 113  87
 113  62 105 101][ 55  23  52   0  55  55  29  55   4  49  10  13  59  56   2  59   9  29
  45  35 114  85  61  84  84  86  66 119  68 101  94  83 113  69 119  99
 119 107  96 101][ 32  17  27  19  38  55  29  38  55  23  10   6  59  48  35  36   9  29
  45  35  74 109  69  84  84  82  76 113  64 101  94  80  94  65 113  74
 113 107 105 101][ 55  15  27   0  55  55  54  55  50  23  10  55  17  53  35  59   9  29
  45  35 114 107 107 110  84  86 103 113  83 101  94  95 119 111  77 116
  89 107 105 101] [ 55  15  27   0  38  12  29  38  50  23  10  13  17  56  20  23   9  39
  45  35  93 107  76 110  84  62 103 113  64 101  96  85 108  69 113  99
 113  91  88 101] [  6  23  52   0  38   1  54  38  38  23  52  13  34   7  42  59   9  29
  45  35  93  83  76 115  84  86  74 113  69 101  94  69 113 107  96  74
 113 107 105 101][ 13  23  52  19  50   9   4  50  54  23  10   9  26  28  35  16   9  39
  45  35 106  80 111 102  84  69 103 113  90 101  94  80 108 111  77  74
 113 107 105 101][ 50  23  27  30  50  12   4  38  50  23  10  55  59  56  58  16   9  29
  45  35 106  83  76 102  84 111 103 113  67 101  96  86 108  69 113  99
 113 107 105 101][  6  23  10  25   6  55  29  54  38  23  10  12  17  53  35  23  45  29
  45  35 106  83 103 117  84  69  87 119  64 101  94  90 108 103  89  99
  89 107  88 101] [ 55  17  52  49   6   6   4  55   6  23  10  13  17  56  20  59  35  29
  12  35 106  80  76 110  84  85 103 119 118 101  94  80 108  82  73  93
 113 107  73 101][  6  26  56   5  38   6  54  38  38  23  10  13  17  56  58  16  12  29
  12  35 106  90  76 117  84  83  83 113  95 101  94  69 108 107  73 116
 113 107  73 101] [ 22  40  52  49   6  22   4  54   6   3  10  13  26  56   2  59  35  29
  12  35 112  62  67 110  84  83  65 113  98  97  94  83 113  82  73  93
 108 107  73  97][ 22  59  27   0   4  55  57  13  13  21  10  13  59  53  35  59   9  29
  12  35 106  69 107 117  84 111  85 113  82 101  89  69 113 107  89  93
 113 107  73 101] [ 12  59  27   0  13  55  50  38  55  23  10  13  59  56  20  26  35  29
  45  35 106 107  66  68  84 107  60  89  64 101  89  95  94  95  89  92
  89 107 105 101][  1  16  52  19  13  55  57   4   4   3  10  13  16  53  20  40  35  39
  45  35  75  82  61  68  84  82  62  89  63 101  94  95  89  67  89  66
  89 107  73 101] [ 13  36  56   5  38  55  54  38   6  23  10  13  36  56  20  59   9  29
  45  35 106  95  83 110  84  69  93 113  95 101  94  69 108  83  94 116
 113  63  73 101][ 22  23  56   0   4   6   4  54   6  23  10  13  26  56   2  15  35  29
  12  35 106  76  76 110  84  85 103 113  67 101  94  69 113 107  89  93
  89  67  73 101][ 55  36  52   5   6  55  39  38  50  23  10   6  26  56  58  59  35  29
  45  35 106  62  76 110  84  85  62 113  64 101  77  69 108 107  77  93
 113 107  73 101][ 55  16  56   5  38  55  54  57   6  23  10  55  36  56  20  31  35  29
  45  35 106  69  76 117  84  83 103 113  91 101  94  69  89 111  77  93
 113  63  73 101][  9  16  52   5   6   6   4  54   6  23  10   6  36  56  58  59  35  29
  45  35 106  69  76 110  84  83 104 113  91 101  94  69 108 107  96  93
 113 107  73 101] [ 22  36  56   5   6  55  54  13   6  30  10  13  40  56  20  59  12  29
  45  35 106  91  62 117  84  83  82 113 118 101  89  90 113  82  89  74
  77 107  73 101]